{
 "cells": [
  {
   "cell_type": "code",
   "execution_count": 1,
   "metadata": {
    "collapsed": false
   },
   "outputs": [
    {
     "name": "stdout",
     "output_type": "stream",
     "text": [
      "/Users/crupley/gal/hoodie\n"
     ]
    }
   ],
   "source": [
    "%cd .."
   ]
  },
  {
   "cell_type": "code",
   "execution_count": 91,
   "metadata": {
    "collapsed": true
   },
   "outputs": [],
   "source": [
    "%matplotlib inline\n",
    "\n",
    "import numpy as np\n",
    "import pandas as pd\n",
    "import matplotlib.pyplot as plt\n",
    "import matplotlib\n",
    "\n",
    "from sklearn.metrics import pairwise_distances\n",
    "\n",
    "from code.clusterize import *"
   ]
  },
  {
   "cell_type": "code",
   "execution_count": 7,
   "metadata": {
    "collapsed": false
   },
   "outputs": [
    {
     "data": {
      "text/html": [
       "<div>\n",
       "<table border=\"1\" class=\"dataframe\">\n",
       "  <thead>\n",
       "    <tr style=\"text-align: right;\">\n",
       "      <th></th>\n",
       "      <th>lat</th>\n",
       "      <th>lon</th>\n",
       "      <th>taxable_value</th>\n",
       "      <th>grocery</th>\n",
       "      <th>restaurant</th>\n",
       "      <th>retail</th>\n",
       "      <th>ncrimes</th>\n",
       "      <th>sgnf</th>\n",
       "      <th>avg_hh_size</th>\n",
       "      <th>population</th>\n",
       "      <th>walkscore</th>\n",
       "    </tr>\n",
       "  </thead>\n",
       "  <tbody>\n",
       "    <tr>\n",
       "      <th>0</th>\n",
       "      <td>37.750067</td>\n",
       "      <td>-122.441075</td>\n",
       "      <td>0.288994</td>\n",
       "      <td>-0.640949</td>\n",
       "      <td>-0.561362</td>\n",
       "      <td>-0.582297</td>\n",
       "      <td>-0.509058</td>\n",
       "      <td>0.477959</td>\n",
       "      <td>-0.017894</td>\n",
       "      <td>-0.102338</td>\n",
       "      <td>-0.025533</td>\n",
       "    </tr>\n",
       "    <tr>\n",
       "      <th>1</th>\n",
       "      <td>37.750196</td>\n",
       "      <td>-122.438933</td>\n",
       "      <td>0.336486</td>\n",
       "      <td>-0.576766</td>\n",
       "      <td>-0.465886</td>\n",
       "      <td>-0.515304</td>\n",
       "      <td>-0.509038</td>\n",
       "      <td>1.060608</td>\n",
       "      <td>0.253293</td>\n",
       "      <td>0.043369</td>\n",
       "      <td>0.146457</td>\n",
       "    </tr>\n",
       "    <tr>\n",
       "      <th>2</th>\n",
       "      <td>37.756794</td>\n",
       "      <td>-122.436270</td>\n",
       "      <td>0.350392</td>\n",
       "      <td>-0.131126</td>\n",
       "      <td>-0.396314</td>\n",
       "      <td>-0.227381</td>\n",
       "      <td>-0.313369</td>\n",
       "      <td>0.276664</td>\n",
       "      <td>0.244508</td>\n",
       "      <td>0.413731</td>\n",
       "      <td>0.701471</td>\n",
       "    </tr>\n",
       "    <tr>\n",
       "      <th>3</th>\n",
       "      <td>37.753529</td>\n",
       "      <td>-122.437050</td>\n",
       "      <td>0.327277</td>\n",
       "      <td>-0.298948</td>\n",
       "      <td>-0.286766</td>\n",
       "      <td>-0.356888</td>\n",
       "      <td>-0.456736</td>\n",
       "      <td>0.945703</td>\n",
       "      <td>0.372523</td>\n",
       "      <td>0.260021</td>\n",
       "      <td>0.594762</td>\n",
       "    </tr>\n",
       "    <tr>\n",
       "      <th>4</th>\n",
       "      <td>37.755758</td>\n",
       "      <td>-122.433400</td>\n",
       "      <td>0.355234</td>\n",
       "      <td>0.018376</td>\n",
       "      <td>-0.470065</td>\n",
       "      <td>-0.123353</td>\n",
       "      <td>-0.345027</td>\n",
       "      <td>0.674973</td>\n",
       "      <td>0.360681</td>\n",
       "      <td>0.530529</td>\n",
       "      <td>0.622791</td>\n",
       "    </tr>\n",
       "  </tbody>\n",
       "</table>\n",
       "</div>"
      ],
      "text/plain": [
       "         lat         lon  taxable_value   grocery  restaurant    retail  \\\n",
       "0  37.750067 -122.441075       0.288994 -0.640949   -0.561362 -0.582297   \n",
       "1  37.750196 -122.438933       0.336486 -0.576766   -0.465886 -0.515304   \n",
       "2  37.756794 -122.436270       0.350392 -0.131126   -0.396314 -0.227381   \n",
       "3  37.753529 -122.437050       0.327277 -0.298948   -0.286766 -0.356888   \n",
       "4  37.755758 -122.433400       0.355234  0.018376   -0.470065 -0.123353   \n",
       "\n",
       "    ncrimes      sgnf  avg_hh_size  population  walkscore  \n",
       "0 -0.509058  0.477959    -0.017894   -0.102338  -0.025533  \n",
       "1 -0.509038  1.060608     0.253293    0.043369   0.146457  \n",
       "2 -0.313369  0.276664     0.244508    0.413731   0.701471  \n",
       "3 -0.456736  0.945703     0.372523    0.260021   0.594762  \n",
       "4 -0.345027  0.674973     0.360681    0.530529   0.622791  "
      ]
     },
     "execution_count": 7,
     "metadata": {},
     "output_type": "execute_result"
    }
   ],
   "source": [
    "fdf = load_featuredf()\n",
    "fdf.head()"
   ]
  },
  {
   "cell_type": "code",
   "execution_count": 13,
   "metadata": {
    "collapsed": true
   },
   "outputs": [],
   "source": [
    "cnum = cut2cluster('010405', 28)"
   ]
  },
  {
   "cell_type": "code",
   "execution_count": 14,
   "metadata": {
    "collapsed": false
   },
   "outputs": [
    {
     "name": "stdout",
     "output_type": "stream",
     "text": [
      "(7299,)\n",
      "(7299, 11)\n"
     ]
    }
   ],
   "source": [
    "nodelist = set(fdf.index).intersection(set(cnum.index))\n",
    "fdf = fdf.ix[nodelist]\n",
    "cnum = cnum.ix[nodelist]\n",
    "print cnum.shape\n",
    "print fdf.shape"
   ]
  },
  {
   "cell_type": "code",
   "execution_count": 15,
   "metadata": {
    "collapsed": false
   },
   "outputs": [
    {
     "data": {
      "text/plain": [
       "25"
      ]
     },
     "execution_count": 15,
     "metadata": {},
     "output_type": "execute_result"
    }
   ],
   "source": [
    "len(cnum.unique())"
   ]
  },
  {
   "cell_type": "code",
   "execution_count": 89,
   "metadata": {
    "collapsed": false
   },
   "outputs": [
    {
     "data": {
      "text/plain": [
       "array([ 0,  1,  2,  3,  4,  5,  6,  7,  8,  9, 10, 11, 12, 13, 14, 15, 16,\n",
       "       17, 18, 19, 20, 21, 22, 24, 25])"
      ]
     },
     "execution_count": 89,
     "metadata": {},
     "output_type": "execute_result"
    }
   ],
   "source": [
    "cnum.unique()"
   ]
  },
  {
   "cell_type": "code",
   "execution_count": 96,
   "metadata": {
    "collapsed": false
   },
   "outputs": [
    {
     "data": {
      "text/html": [
       "<div>\n",
       "<table border=\"1\" class=\"dataframe\">\n",
       "  <thead>\n",
       "    <tr style=\"text-align: right;\">\n",
       "      <th></th>\n",
       "      <th>0</th>\n",
       "      <th>1</th>\n",
       "      <th>2</th>\n",
       "      <th>3</th>\n",
       "      <th>4</th>\n",
       "      <th>5</th>\n",
       "      <th>6</th>\n",
       "      <th>7</th>\n",
       "      <th>8</th>\n",
       "      <th>9</th>\n",
       "      <th>...</th>\n",
       "      <th>15</th>\n",
       "      <th>16</th>\n",
       "      <th>17</th>\n",
       "      <th>18</th>\n",
       "      <th>19</th>\n",
       "      <th>20</th>\n",
       "      <th>21</th>\n",
       "      <th>22</th>\n",
       "      <th>24</th>\n",
       "      <th>25</th>\n",
       "    </tr>\n",
       "  </thead>\n",
       "  <tbody>\n",
       "    <tr>\n",
       "      <th>0</th>\n",
       "      <td>0.000000</td>\n",
       "      <td>1.214437</td>\n",
       "      <td>1.631896</td>\n",
       "      <td>2.695179</td>\n",
       "      <td>3.083136</td>\n",
       "      <td>1.017432</td>\n",
       "      <td>1.083235</td>\n",
       "      <td>3.826779</td>\n",
       "      <td>2.213604</td>\n",
       "      <td>1.927196</td>\n",
       "      <td>...</td>\n",
       "      <td>2.011608</td>\n",
       "      <td>2.206302</td>\n",
       "      <td>1.169621</td>\n",
       "      <td>0.836410</td>\n",
       "      <td>1.649377</td>\n",
       "      <td>1.858470</td>\n",
       "      <td>2.009443</td>\n",
       "      <td>1.966903</td>\n",
       "      <td>1.694904</td>\n",
       "      <td>5.801696</td>\n",
       "    </tr>\n",
       "    <tr>\n",
       "      <th>1</th>\n",
       "      <td>1.214437</td>\n",
       "      <td>0.000000</td>\n",
       "      <td>2.597346</td>\n",
       "      <td>3.071957</td>\n",
       "      <td>3.635174</td>\n",
       "      <td>2.139089</td>\n",
       "      <td>0.799384</td>\n",
       "      <td>3.078860</td>\n",
       "      <td>3.005131</td>\n",
       "      <td>2.810849</td>\n",
       "      <td>...</td>\n",
       "      <td>1.546873</td>\n",
       "      <td>1.577866</td>\n",
       "      <td>2.054152</td>\n",
       "      <td>1.681885</td>\n",
       "      <td>2.763459</td>\n",
       "      <td>2.917214</td>\n",
       "      <td>3.042421</td>\n",
       "      <td>2.944605</td>\n",
       "      <td>2.590869</td>\n",
       "      <td>5.973425</td>\n",
       "    </tr>\n",
       "    <tr>\n",
       "      <th>2</th>\n",
       "      <td>1.631896</td>\n",
       "      <td>2.597346</td>\n",
       "      <td>0.000000</td>\n",
       "      <td>1.964277</td>\n",
       "      <td>1.961732</td>\n",
       "      <td>0.972042</td>\n",
       "      <td>2.546027</td>\n",
       "      <td>4.958650</td>\n",
       "      <td>1.054066</td>\n",
       "      <td>0.669590</td>\n",
       "      <td>...</td>\n",
       "      <td>3.522418</td>\n",
       "      <td>3.014093</td>\n",
       "      <td>0.884924</td>\n",
       "      <td>1.183978</td>\n",
       "      <td>1.096943</td>\n",
       "      <td>0.541038</td>\n",
       "      <td>0.659570</td>\n",
       "      <td>1.038094</td>\n",
       "      <td>0.749232</td>\n",
       "      <td>4.989331</td>\n",
       "    </tr>\n",
       "    <tr>\n",
       "      <th>3</th>\n",
       "      <td>2.695179</td>\n",
       "      <td>3.071957</td>\n",
       "      <td>1.964277</td>\n",
       "      <td>0.000000</td>\n",
       "      <td>1.439485</td>\n",
       "      <td>2.423889</td>\n",
       "      <td>3.396529</td>\n",
       "      <td>4.505708</td>\n",
       "      <td>2.033703</td>\n",
       "      <td>2.337429</td>\n",
       "      <td>...</td>\n",
       "      <td>4.025570</td>\n",
       "      <td>2.523791</td>\n",
       "      <td>2.297226</td>\n",
       "      <td>2.443741</td>\n",
       "      <td>3.019711</td>\n",
       "      <td>2.242160</td>\n",
       "      <td>2.049974</td>\n",
       "      <td>2.866982</td>\n",
       "      <td>2.386380</td>\n",
       "      <td>4.481675</td>\n",
       "    </tr>\n",
       "    <tr>\n",
       "      <th>4</th>\n",
       "      <td>3.083136</td>\n",
       "      <td>3.635174</td>\n",
       "      <td>1.961732</td>\n",
       "      <td>1.439485</td>\n",
       "      <td>0.000000</td>\n",
       "      <td>2.535222</td>\n",
       "      <td>3.873943</td>\n",
       "      <td>5.069979</td>\n",
       "      <td>1.503584</td>\n",
       "      <td>2.054578</td>\n",
       "      <td>...</td>\n",
       "      <td>4.521829</td>\n",
       "      <td>3.266221</td>\n",
       "      <td>2.503764</td>\n",
       "      <td>2.804019</td>\n",
       "      <td>2.949659</td>\n",
       "      <td>2.139073</td>\n",
       "      <td>1.923069</td>\n",
       "      <td>2.561456</td>\n",
       "      <td>2.318462</td>\n",
       "      <td>3.928311</td>\n",
       "    </tr>\n",
       "    <tr>\n",
       "      <th>5</th>\n",
       "      <td>1.017432</td>\n",
       "      <td>2.139089</td>\n",
       "      <td>0.972042</td>\n",
       "      <td>2.423889</td>\n",
       "      <td>2.535222</td>\n",
       "      <td>0.000000</td>\n",
       "      <td>2.051930</td>\n",
       "      <td>4.466682</td>\n",
       "      <td>1.455406</td>\n",
       "      <td>1.389189</td>\n",
       "      <td>...</td>\n",
       "      <td>2.812102</td>\n",
       "      <td>2.763752</td>\n",
       "      <td>1.104456</td>\n",
       "      <td>1.098570</td>\n",
       "      <td>1.079476</td>\n",
       "      <td>1.147977</td>\n",
       "      <td>1.123197</td>\n",
       "      <td>1.236029</td>\n",
       "      <td>1.322346</td>\n",
       "      <td>5.655676</td>\n",
       "    </tr>\n",
       "    <tr>\n",
       "      <th>6</th>\n",
       "      <td>1.083235</td>\n",
       "      <td>0.799384</td>\n",
       "      <td>2.546027</td>\n",
       "      <td>3.396529</td>\n",
       "      <td>3.873943</td>\n",
       "      <td>2.051930</td>\n",
       "      <td>0.000000</td>\n",
       "      <td>3.630818</td>\n",
       "      <td>3.093910</td>\n",
       "      <td>2.697986</td>\n",
       "      <td>...</td>\n",
       "      <td>1.605893</td>\n",
       "      <td>2.257478</td>\n",
       "      <td>1.867075</td>\n",
       "      <td>1.496852</td>\n",
       "      <td>2.449709</td>\n",
       "      <td>2.791920</td>\n",
       "      <td>3.018999</td>\n",
       "      <td>2.810259</td>\n",
       "      <td>2.384409</td>\n",
       "      <td>6.166926</td>\n",
       "    </tr>\n",
       "    <tr>\n",
       "      <th>7</th>\n",
       "      <td>3.826779</td>\n",
       "      <td>3.078860</td>\n",
       "      <td>4.958650</td>\n",
       "      <td>4.505708</td>\n",
       "      <td>5.069979</td>\n",
       "      <td>4.466682</td>\n",
       "      <td>3.630818</td>\n",
       "      <td>0.000000</td>\n",
       "      <td>5.110045</td>\n",
       "      <td>5.255730</td>\n",
       "      <td>...</td>\n",
       "      <td>2.752207</td>\n",
       "      <td>2.318967</td>\n",
       "      <td>4.618813</td>\n",
       "      <td>4.414256</td>\n",
       "      <td>5.372967</td>\n",
       "      <td>5.208192</td>\n",
       "      <td>5.179458</td>\n",
       "      <td>5.417477</td>\n",
       "      <td>5.167234</td>\n",
       "      <td>6.792042</td>\n",
       "    </tr>\n",
       "    <tr>\n",
       "      <th>8</th>\n",
       "      <td>2.213604</td>\n",
       "      <td>3.005131</td>\n",
       "      <td>1.054066</td>\n",
       "      <td>2.033703</td>\n",
       "      <td>1.503584</td>\n",
       "      <td>1.455406</td>\n",
       "      <td>3.093910</td>\n",
       "      <td>5.110045</td>\n",
       "      <td>0.000000</td>\n",
       "      <td>1.146353</td>\n",
       "      <td>...</td>\n",
       "      <td>3.875464</td>\n",
       "      <td>3.232668</td>\n",
       "      <td>1.739918</td>\n",
       "      <td>1.938721</td>\n",
       "      <td>1.746668</td>\n",
       "      <td>1.342826</td>\n",
       "      <td>1.046269</td>\n",
       "      <td>1.244848</td>\n",
       "      <td>1.444216</td>\n",
       "      <td>4.942301</td>\n",
       "    </tr>\n",
       "    <tr>\n",
       "      <th>9</th>\n",
       "      <td>1.927196</td>\n",
       "      <td>2.810849</td>\n",
       "      <td>0.669590</td>\n",
       "      <td>2.337429</td>\n",
       "      <td>2.054578</td>\n",
       "      <td>1.389189</td>\n",
       "      <td>2.697986</td>\n",
       "      <td>5.255730</td>\n",
       "      <td>1.146353</td>\n",
       "      <td>0.000000</td>\n",
       "      <td>...</td>\n",
       "      <td>3.734866</td>\n",
       "      <td>3.350119</td>\n",
       "      <td>0.984361</td>\n",
       "      <td>1.354906</td>\n",
       "      <td>1.146182</td>\n",
       "      <td>0.792580</td>\n",
       "      <td>1.140154</td>\n",
       "      <td>0.982669</td>\n",
       "      <td>0.575774</td>\n",
       "      <td>4.690479</td>\n",
       "    </tr>\n",
       "    <tr>\n",
       "      <th>10</th>\n",
       "      <td>5.447817</td>\n",
       "      <td>5.834351</td>\n",
       "      <td>4.375373</td>\n",
       "      <td>3.658725</td>\n",
       "      <td>3.016249</td>\n",
       "      <td>5.071250</td>\n",
       "      <td>6.065378</td>\n",
       "      <td>6.660519</td>\n",
       "      <td>4.228256</td>\n",
       "      <td>4.218574</td>\n",
       "      <td>...</td>\n",
       "      <td>6.601846</td>\n",
       "      <td>5.283331</td>\n",
       "      <td>4.634380</td>\n",
       "      <td>5.039958</td>\n",
       "      <td>5.251287</td>\n",
       "      <td>4.335092</td>\n",
       "      <td>4.423590</td>\n",
       "      <td>4.911975</td>\n",
       "      <td>4.550580</td>\n",
       "      <td>1.694594</td>\n",
       "    </tr>\n",
       "    <tr>\n",
       "      <th>11</th>\n",
       "      <td>2.091617</td>\n",
       "      <td>2.887774</td>\n",
       "      <td>0.645683</td>\n",
       "      <td>1.714429</td>\n",
       "      <td>1.487058</td>\n",
       "      <td>1.538902</td>\n",
       "      <td>2.917030</td>\n",
       "      <td>5.095496</td>\n",
       "      <td>0.986949</td>\n",
       "      <td>0.704367</td>\n",
       "      <td>...</td>\n",
       "      <td>3.891955</td>\n",
       "      <td>3.105420</td>\n",
       "      <td>1.235295</td>\n",
       "      <td>1.579287</td>\n",
       "      <td>1.615779</td>\n",
       "      <td>0.896185</td>\n",
       "      <td>0.974952</td>\n",
       "      <td>1.394418</td>\n",
       "      <td>0.940701</td>\n",
       "      <td>4.457923</td>\n",
       "    </tr>\n",
       "    <tr>\n",
       "      <th>12</th>\n",
       "      <td>2.014742</td>\n",
       "      <td>3.007596</td>\n",
       "      <td>1.553649</td>\n",
       "      <td>3.423662</td>\n",
       "      <td>3.141568</td>\n",
       "      <td>1.407508</td>\n",
       "      <td>2.781984</td>\n",
       "      <td>5.525190</td>\n",
       "      <td>1.780371</td>\n",
       "      <td>1.504486</td>\n",
       "      <td>...</td>\n",
       "      <td>3.719797</td>\n",
       "      <td>3.846368</td>\n",
       "      <td>1.797884</td>\n",
       "      <td>1.866378</td>\n",
       "      <td>0.889437</td>\n",
       "      <td>1.576035</td>\n",
       "      <td>1.629221</td>\n",
       "      <td>0.671107</td>\n",
       "      <td>1.607330</td>\n",
       "      <td>5.983238</td>\n",
       "    </tr>\n",
       "    <tr>\n",
       "      <th>13</th>\n",
       "      <td>2.313729</td>\n",
       "      <td>3.256183</td>\n",
       "      <td>0.789081</td>\n",
       "      <td>2.085859</td>\n",
       "      <td>1.569072</td>\n",
       "      <td>1.534181</td>\n",
       "      <td>3.222188</td>\n",
       "      <td>5.389724</td>\n",
       "      <td>0.883607</td>\n",
       "      <td>0.829664</td>\n",
       "      <td>...</td>\n",
       "      <td>4.123264</td>\n",
       "      <td>3.506255</td>\n",
       "      <td>1.532183</td>\n",
       "      <td>1.905262</td>\n",
       "      <td>1.505484</td>\n",
       "      <td>0.785883</td>\n",
       "      <td>0.720672</td>\n",
       "      <td>1.214072</td>\n",
       "      <td>1.142306</td>\n",
       "      <td>4.682468</td>\n",
       "    </tr>\n",
       "    <tr>\n",
       "      <th>14</th>\n",
       "      <td>1.719198</td>\n",
       "      <td>2.429993</td>\n",
       "      <td>1.259065</td>\n",
       "      <td>1.519712</td>\n",
       "      <td>2.165011</td>\n",
       "      <td>1.573714</td>\n",
       "      <td>2.508054</td>\n",
       "      <td>4.355923</td>\n",
       "      <td>2.012644</td>\n",
       "      <td>1.673285</td>\n",
       "      <td>...</td>\n",
       "      <td>3.257603</td>\n",
       "      <td>2.508260</td>\n",
       "      <td>1.220371</td>\n",
       "      <td>1.408107</td>\n",
       "      <td>2.037711</td>\n",
       "      <td>1.335654</td>\n",
       "      <td>1.522349</td>\n",
       "      <td>2.214148</td>\n",
       "      <td>1.604305</td>\n",
       "      <td>4.739116</td>\n",
       "    </tr>\n",
       "    <tr>\n",
       "      <th>15</th>\n",
       "      <td>2.011608</td>\n",
       "      <td>1.546873</td>\n",
       "      <td>3.522418</td>\n",
       "      <td>4.025570</td>\n",
       "      <td>4.521829</td>\n",
       "      <td>2.812102</td>\n",
       "      <td>1.605893</td>\n",
       "      <td>2.752207</td>\n",
       "      <td>3.875464</td>\n",
       "      <td>3.734866</td>\n",
       "      <td>...</td>\n",
       "      <td>0.000000</td>\n",
       "      <td>2.444416</td>\n",
       "      <td>2.970581</td>\n",
       "      <td>2.628387</td>\n",
       "      <td>3.491385</td>\n",
       "      <td>3.721226</td>\n",
       "      <td>3.847751</td>\n",
       "      <td>3.779551</td>\n",
       "      <td>3.539200</td>\n",
       "      <td>6.744883</td>\n",
       "    </tr>\n",
       "    <tr>\n",
       "      <th>16</th>\n",
       "      <td>2.206302</td>\n",
       "      <td>1.577866</td>\n",
       "      <td>3.014093</td>\n",
       "      <td>2.523791</td>\n",
       "      <td>3.266221</td>\n",
       "      <td>2.763752</td>\n",
       "      <td>2.257478</td>\n",
       "      <td>2.318967</td>\n",
       "      <td>3.232668</td>\n",
       "      <td>3.350119</td>\n",
       "      <td>...</td>\n",
       "      <td>2.444416</td>\n",
       "      <td>0.000000</td>\n",
       "      <td>2.754376</td>\n",
       "      <td>2.588001</td>\n",
       "      <td>3.621459</td>\n",
       "      <td>3.371870</td>\n",
       "      <td>3.318716</td>\n",
       "      <td>3.589848</td>\n",
       "      <td>3.249787</td>\n",
       "      <td>5.564676</td>\n",
       "    </tr>\n",
       "    <tr>\n",
       "      <th>17</th>\n",
       "      <td>1.169621</td>\n",
       "      <td>2.054152</td>\n",
       "      <td>0.884924</td>\n",
       "      <td>2.297226</td>\n",
       "      <td>2.503764</td>\n",
       "      <td>1.104456</td>\n",
       "      <td>1.867075</td>\n",
       "      <td>4.618813</td>\n",
       "      <td>1.739918</td>\n",
       "      <td>0.984361</td>\n",
       "      <td>...</td>\n",
       "      <td>2.970581</td>\n",
       "      <td>2.754376</td>\n",
       "      <td>0.000000</td>\n",
       "      <td>0.568298</td>\n",
       "      <td>1.198847</td>\n",
       "      <td>1.065138</td>\n",
       "      <td>1.478781</td>\n",
       "      <td>1.479658</td>\n",
       "      <td>0.753648</td>\n",
       "      <td>4.993930</td>\n",
       "    </tr>\n",
       "    <tr>\n",
       "      <th>18</th>\n",
       "      <td>0.836410</td>\n",
       "      <td>1.681885</td>\n",
       "      <td>1.183978</td>\n",
       "      <td>2.443741</td>\n",
       "      <td>2.804019</td>\n",
       "      <td>1.098570</td>\n",
       "      <td>1.496852</td>\n",
       "      <td>4.414256</td>\n",
       "      <td>1.938721</td>\n",
       "      <td>1.354906</td>\n",
       "      <td>...</td>\n",
       "      <td>2.628387</td>\n",
       "      <td>2.588001</td>\n",
       "      <td>0.568298</td>\n",
       "      <td>0.000000</td>\n",
       "      <td>1.306171</td>\n",
       "      <td>1.419833</td>\n",
       "      <td>1.728671</td>\n",
       "      <td>1.670955</td>\n",
       "      <td>1.059175</td>\n",
       "      <td>5.368146</td>\n",
       "    </tr>\n",
       "    <tr>\n",
       "      <th>19</th>\n",
       "      <td>1.649377</td>\n",
       "      <td>2.763459</td>\n",
       "      <td>1.096943</td>\n",
       "      <td>3.019711</td>\n",
       "      <td>2.949659</td>\n",
       "      <td>1.079476</td>\n",
       "      <td>2.449709</td>\n",
       "      <td>5.372967</td>\n",
       "      <td>1.746668</td>\n",
       "      <td>1.146182</td>\n",
       "      <td>...</td>\n",
       "      <td>3.491385</td>\n",
       "      <td>3.621459</td>\n",
       "      <td>1.198847</td>\n",
       "      <td>1.306171</td>\n",
       "      <td>0.000000</td>\n",
       "      <td>1.027500</td>\n",
       "      <td>1.304005</td>\n",
       "      <td>0.889474</td>\n",
       "      <td>1.007171</td>\n",
       "      <td>5.749947</td>\n",
       "    </tr>\n",
       "    <tr>\n",
       "      <th>20</th>\n",
       "      <td>1.858470</td>\n",
       "      <td>2.917214</td>\n",
       "      <td>0.541038</td>\n",
       "      <td>2.242160</td>\n",
       "      <td>2.139073</td>\n",
       "      <td>1.147977</td>\n",
       "      <td>2.791920</td>\n",
       "      <td>5.208192</td>\n",
       "      <td>1.342826</td>\n",
       "      <td>0.792580</td>\n",
       "      <td>...</td>\n",
       "      <td>3.721226</td>\n",
       "      <td>3.371870</td>\n",
       "      <td>1.065138</td>\n",
       "      <td>1.419833</td>\n",
       "      <td>1.027500</td>\n",
       "      <td>0.000000</td>\n",
       "      <td>0.677766</td>\n",
       "      <td>1.152437</td>\n",
       "      <td>0.895169</td>\n",
       "      <td>4.983616</td>\n",
       "    </tr>\n",
       "    <tr>\n",
       "      <th>21</th>\n",
       "      <td>2.009443</td>\n",
       "      <td>3.042421</td>\n",
       "      <td>0.659570</td>\n",
       "      <td>2.049974</td>\n",
       "      <td>1.923069</td>\n",
       "      <td>1.123197</td>\n",
       "      <td>3.018999</td>\n",
       "      <td>5.179458</td>\n",
       "      <td>1.046269</td>\n",
       "      <td>1.140154</td>\n",
       "      <td>...</td>\n",
       "      <td>3.847751</td>\n",
       "      <td>3.318716</td>\n",
       "      <td>1.478781</td>\n",
       "      <td>1.728671</td>\n",
       "      <td>1.304005</td>\n",
       "      <td>0.677766</td>\n",
       "      <td>0.000000</td>\n",
       "      <td>1.156779</td>\n",
       "      <td>1.290236</td>\n",
       "      <td>5.230328</td>\n",
       "    </tr>\n",
       "    <tr>\n",
       "      <th>22</th>\n",
       "      <td>1.966903</td>\n",
       "      <td>2.944605</td>\n",
       "      <td>1.038094</td>\n",
       "      <td>2.866982</td>\n",
       "      <td>2.561456</td>\n",
       "      <td>1.236029</td>\n",
       "      <td>2.810259</td>\n",
       "      <td>5.417477</td>\n",
       "      <td>1.244848</td>\n",
       "      <td>0.982669</td>\n",
       "      <td>...</td>\n",
       "      <td>3.779551</td>\n",
       "      <td>3.589848</td>\n",
       "      <td>1.479658</td>\n",
       "      <td>1.670955</td>\n",
       "      <td>0.889474</td>\n",
       "      <td>1.152437</td>\n",
       "      <td>1.156779</td>\n",
       "      <td>0.000000</td>\n",
       "      <td>1.227276</td>\n",
       "      <td>5.473446</td>\n",
       "    </tr>\n",
       "    <tr>\n",
       "      <th>24</th>\n",
       "      <td>1.694904</td>\n",
       "      <td>2.590869</td>\n",
       "      <td>0.749232</td>\n",
       "      <td>2.386380</td>\n",
       "      <td>2.318462</td>\n",
       "      <td>1.322346</td>\n",
       "      <td>2.384409</td>\n",
       "      <td>5.167234</td>\n",
       "      <td>1.444216</td>\n",
       "      <td>0.575774</td>\n",
       "      <td>...</td>\n",
       "      <td>3.539200</td>\n",
       "      <td>3.249787</td>\n",
       "      <td>0.753648</td>\n",
       "      <td>1.059175</td>\n",
       "      <td>1.007171</td>\n",
       "      <td>0.895169</td>\n",
       "      <td>1.290236</td>\n",
       "      <td>1.227276</td>\n",
       "      <td>0.000000</td>\n",
       "      <td>4.961401</td>\n",
       "    </tr>\n",
       "    <tr>\n",
       "      <th>25</th>\n",
       "      <td>5.801696</td>\n",
       "      <td>5.973425</td>\n",
       "      <td>4.989331</td>\n",
       "      <td>4.481675</td>\n",
       "      <td>3.928311</td>\n",
       "      <td>5.655676</td>\n",
       "      <td>6.166926</td>\n",
       "      <td>6.792042</td>\n",
       "      <td>4.942301</td>\n",
       "      <td>4.690479</td>\n",
       "      <td>...</td>\n",
       "      <td>6.744883</td>\n",
       "      <td>5.564676</td>\n",
       "      <td>4.993930</td>\n",
       "      <td>5.368146</td>\n",
       "      <td>5.749947</td>\n",
       "      <td>4.983616</td>\n",
       "      <td>5.230328</td>\n",
       "      <td>5.473446</td>\n",
       "      <td>4.961401</td>\n",
       "      <td>0.000000</td>\n",
       "    </tr>\n",
       "  </tbody>\n",
       "</table>\n",
       "<p>25 rows × 25 columns</p>\n",
       "</div>"
      ],
      "text/plain": [
       "          0         1         2         3         4         5         6   \\\n",
       "0   0.000000  1.214437  1.631896  2.695179  3.083136  1.017432  1.083235   \n",
       "1   1.214437  0.000000  2.597346  3.071957  3.635174  2.139089  0.799384   \n",
       "2   1.631896  2.597346  0.000000  1.964277  1.961732  0.972042  2.546027   \n",
       "3   2.695179  3.071957  1.964277  0.000000  1.439485  2.423889  3.396529   \n",
       "4   3.083136  3.635174  1.961732  1.439485  0.000000  2.535222  3.873943   \n",
       "5   1.017432  2.139089  0.972042  2.423889  2.535222  0.000000  2.051930   \n",
       "6   1.083235  0.799384  2.546027  3.396529  3.873943  2.051930  0.000000   \n",
       "7   3.826779  3.078860  4.958650  4.505708  5.069979  4.466682  3.630818   \n",
       "8   2.213604  3.005131  1.054066  2.033703  1.503584  1.455406  3.093910   \n",
       "9   1.927196  2.810849  0.669590  2.337429  2.054578  1.389189  2.697986   \n",
       "10  5.447817  5.834351  4.375373  3.658725  3.016249  5.071250  6.065378   \n",
       "11  2.091617  2.887774  0.645683  1.714429  1.487058  1.538902  2.917030   \n",
       "12  2.014742  3.007596  1.553649  3.423662  3.141568  1.407508  2.781984   \n",
       "13  2.313729  3.256183  0.789081  2.085859  1.569072  1.534181  3.222188   \n",
       "14  1.719198  2.429993  1.259065  1.519712  2.165011  1.573714  2.508054   \n",
       "15  2.011608  1.546873  3.522418  4.025570  4.521829  2.812102  1.605893   \n",
       "16  2.206302  1.577866  3.014093  2.523791  3.266221  2.763752  2.257478   \n",
       "17  1.169621  2.054152  0.884924  2.297226  2.503764  1.104456  1.867075   \n",
       "18  0.836410  1.681885  1.183978  2.443741  2.804019  1.098570  1.496852   \n",
       "19  1.649377  2.763459  1.096943  3.019711  2.949659  1.079476  2.449709   \n",
       "20  1.858470  2.917214  0.541038  2.242160  2.139073  1.147977  2.791920   \n",
       "21  2.009443  3.042421  0.659570  2.049974  1.923069  1.123197  3.018999   \n",
       "22  1.966903  2.944605  1.038094  2.866982  2.561456  1.236029  2.810259   \n",
       "24  1.694904  2.590869  0.749232  2.386380  2.318462  1.322346  2.384409   \n",
       "25  5.801696  5.973425  4.989331  4.481675  3.928311  5.655676  6.166926   \n",
       "\n",
       "          7         8         9     ...           15        16        17  \\\n",
       "0   3.826779  2.213604  1.927196    ...     2.011608  2.206302  1.169621   \n",
       "1   3.078860  3.005131  2.810849    ...     1.546873  1.577866  2.054152   \n",
       "2   4.958650  1.054066  0.669590    ...     3.522418  3.014093  0.884924   \n",
       "3   4.505708  2.033703  2.337429    ...     4.025570  2.523791  2.297226   \n",
       "4   5.069979  1.503584  2.054578    ...     4.521829  3.266221  2.503764   \n",
       "5   4.466682  1.455406  1.389189    ...     2.812102  2.763752  1.104456   \n",
       "6   3.630818  3.093910  2.697986    ...     1.605893  2.257478  1.867075   \n",
       "7   0.000000  5.110045  5.255730    ...     2.752207  2.318967  4.618813   \n",
       "8   5.110045  0.000000  1.146353    ...     3.875464  3.232668  1.739918   \n",
       "9   5.255730  1.146353  0.000000    ...     3.734866  3.350119  0.984361   \n",
       "10  6.660519  4.228256  4.218574    ...     6.601846  5.283331  4.634380   \n",
       "11  5.095496  0.986949  0.704367    ...     3.891955  3.105420  1.235295   \n",
       "12  5.525190  1.780371  1.504486    ...     3.719797  3.846368  1.797884   \n",
       "13  5.389724  0.883607  0.829664    ...     4.123264  3.506255  1.532183   \n",
       "14  4.355923  2.012644  1.673285    ...     3.257603  2.508260  1.220371   \n",
       "15  2.752207  3.875464  3.734866    ...     0.000000  2.444416  2.970581   \n",
       "16  2.318967  3.232668  3.350119    ...     2.444416  0.000000  2.754376   \n",
       "17  4.618813  1.739918  0.984361    ...     2.970581  2.754376  0.000000   \n",
       "18  4.414256  1.938721  1.354906    ...     2.628387  2.588001  0.568298   \n",
       "19  5.372967  1.746668  1.146182    ...     3.491385  3.621459  1.198847   \n",
       "20  5.208192  1.342826  0.792580    ...     3.721226  3.371870  1.065138   \n",
       "21  5.179458  1.046269  1.140154    ...     3.847751  3.318716  1.478781   \n",
       "22  5.417477  1.244848  0.982669    ...     3.779551  3.589848  1.479658   \n",
       "24  5.167234  1.444216  0.575774    ...     3.539200  3.249787  0.753648   \n",
       "25  6.792042  4.942301  4.690479    ...     6.744883  5.564676  4.993930   \n",
       "\n",
       "          18        19        20        21        22        24        25  \n",
       "0   0.836410  1.649377  1.858470  2.009443  1.966903  1.694904  5.801696  \n",
       "1   1.681885  2.763459  2.917214  3.042421  2.944605  2.590869  5.973425  \n",
       "2   1.183978  1.096943  0.541038  0.659570  1.038094  0.749232  4.989331  \n",
       "3   2.443741  3.019711  2.242160  2.049974  2.866982  2.386380  4.481675  \n",
       "4   2.804019  2.949659  2.139073  1.923069  2.561456  2.318462  3.928311  \n",
       "5   1.098570  1.079476  1.147977  1.123197  1.236029  1.322346  5.655676  \n",
       "6   1.496852  2.449709  2.791920  3.018999  2.810259  2.384409  6.166926  \n",
       "7   4.414256  5.372967  5.208192  5.179458  5.417477  5.167234  6.792042  \n",
       "8   1.938721  1.746668  1.342826  1.046269  1.244848  1.444216  4.942301  \n",
       "9   1.354906  1.146182  0.792580  1.140154  0.982669  0.575774  4.690479  \n",
       "10  5.039958  5.251287  4.335092  4.423590  4.911975  4.550580  1.694594  \n",
       "11  1.579287  1.615779  0.896185  0.974952  1.394418  0.940701  4.457923  \n",
       "12  1.866378  0.889437  1.576035  1.629221  0.671107  1.607330  5.983238  \n",
       "13  1.905262  1.505484  0.785883  0.720672  1.214072  1.142306  4.682468  \n",
       "14  1.408107  2.037711  1.335654  1.522349  2.214148  1.604305  4.739116  \n",
       "15  2.628387  3.491385  3.721226  3.847751  3.779551  3.539200  6.744883  \n",
       "16  2.588001  3.621459  3.371870  3.318716  3.589848  3.249787  5.564676  \n",
       "17  0.568298  1.198847  1.065138  1.478781  1.479658  0.753648  4.993930  \n",
       "18  0.000000  1.306171  1.419833  1.728671  1.670955  1.059175  5.368146  \n",
       "19  1.306171  0.000000  1.027500  1.304005  0.889474  1.007171  5.749947  \n",
       "20  1.419833  1.027500  0.000000  0.677766  1.152437  0.895169  4.983616  \n",
       "21  1.728671  1.304005  0.677766  0.000000  1.156779  1.290236  5.230328  \n",
       "22  1.670955  0.889474  1.152437  1.156779  0.000000  1.227276  5.473446  \n",
       "24  1.059175  1.007171  0.895169  1.290236  1.227276  0.000000  4.961401  \n",
       "25  5.368146  5.749947  4.983616  5.230328  5.473446  4.961401  0.000000  \n",
       "\n",
       "[25 rows x 25 columns]"
      ]
     },
     "execution_count": 96,
     "metadata": {},
     "output_type": "execute_result"
    }
   ],
   "source": [
    "sim = most_similar(fdf, cnum)\n",
    "sim"
   ]
  },
  {
   "cell_type": "code",
   "execution_count": 18,
   "metadata": {
    "collapsed": false
   },
   "outputs": [
    {
     "data": {
      "text/plain": [
       "6.7920420523557521"
      ]
     },
     "execution_count": 18,
     "metadata": {},
     "output_type": "execute_result"
    }
   ],
   "source": [
    "sim.max().max()"
   ]
  },
  {
   "cell_type": "code",
   "execution_count": 30,
   "metadata": {
    "collapsed": false
   },
   "outputs": [],
   "source": [
    "n = np.linspace(0,10)\n",
    "# c = [c, c]"
   ]
  },
  {
   "cell_type": "code",
   "execution_count": 59,
   "metadata": {
    "collapsed": false
   },
   "outputs": [],
   "source": [
    "cm = matplotlib.cm.get_cmap('RdYlGn')\n",
    "c = cm(np.linspace(0,1,len(n)))\n",
    "clist = [matplotlib.colors.rgb2hex(rgb) for rgb in c]\n"
   ]
  },
  {
   "cell_type": "code",
   "execution_count": 67,
   "metadata": {
    "collapsed": false
   },
   "outputs": [],
   "source": [
    "mygrad = np.array([np.linspace(1,0), np.linspace(0,1), np.zeros(50), np.ones(50)]).T"
   ]
  },
  {
   "cell_type": "code",
   "execution_count": 68,
   "metadata": {
    "collapsed": false,
    "scrolled": false
   },
   "outputs": [
    {
     "data": {
      "text/plain": [
       "<matplotlib.collections.PathCollection at 0x10c666ed0>"
      ]
     },
     "execution_count": 68,
     "metadata": {},
     "output_type": "execute_result"
    },
    {
     "data": {
